1000
7
12
25
11
11
16
16
16
18
38
114
199
6
128
173
165
186
172
96
147
93
156
145
134
94
56
111
10
3
195
152
54
132
97
69
99
61
139
182
183
154
174
175
169
136
92
35
198
103
176
140
118
33
181
77
4
77
38
114
199
6
128
173
165
186
172
96
147
93
156
145
134
94
56
111
10
3
195
152
54
132
97
69
99
61
139
182
183
154
174
175
169
136
92
35
198
103
176
22
164
60
89
34
84
78
63
166
18
42
151
153
146
107
28
142
171
178
37
137
73
143
113
30
76
51
91
80
150
115
17
1
38
114
199
6
128
173
165
186
172
96
147
93
156
145
134
94
56
111
10
3
195
152
54
132
97
69
99
61
139
182
183
154
174
175
169
136
92
35
198
103
176
140
118
33
181
77
4
125
130
68
192
194
144
193
19
71
48
16
200
148
135
110
24
53
27
180
123
190
106
26
188
5
88
9
112
90
184
196
66
177
67
15
100
45
191
55
70
167
116
47
170
129
20
83
85
74
12
23
49
131
22
98
185
44
120
65
124
29
59
158
117
11
161
127
109
75
87
50
133
72
43
32
57
2
163
104
157
14
141
126
187
40
105
13
122
86
95
108
62
149
155
8
102
31
46
64
52
41
159
36
58
21
179
81
39
197
79
82
138
164
60
89
34
84
78
63
166
18
42
151
153
146
107
28
142
171
178
37
137
73
143
113
30
76
51
91
80
150
115
17
1
38
114
199
6
128
173
165
186
172
96
147
93
156
145
134
94
56
111
10
3
195
152
54
132
97
69
99
61
139
182
183
154
174
175
169
136
92
35
198
103
176
140
118
33
181
77
4
125
130
68
192
194
144
193
19
71
48
16
200
148
135
110
24
53
27
180
123
190
106
26
188
5
88
9
112
90
184
196
66
177
67
15
100
45
191
55
70
167
116
47
170
129
20
83
85
74
12
23
49
131
22
98
185
44
120
65
124
29
59
158
117
11
161
127
109
75
87
50
133
72
43
32
57
2
163
104
157
14
141
126
187
40
105
13
122
86
95
108
62
149
155
8
102
31
46
64
52
41
159
36
58
21
179
81
39
197
79
82
138164
60
89
34
84
78
63
166
18
42
151
153
146
107
28
142
171
178
37
137
73
143
113
30
76
51
91
80
150
115
17
1
38
114
199
6
128
173
165
186
172
96
147
93
156
145
134
94
56
111
10
3
195
152
54
132
97
69
99
61
139
182
183
154
174
175
169
136
92
35
198
103
176
140
118
33
181
77
4
125
130
68
192
194
144
193
19
71
48
16
200
148
135
110
24
53
27
180
123
190
106
26
188
5
88
9
112
90
184
196
66
177
67
15
100
45
191
55
70
167
116
47
170
129
20
83
85
74
12
23
49
131
22
98
185
44
120
65
124
29
59
158
117
11
161
127
109
75
87
50
133
72
43
32
57
2
163
104
157
14
141
126
187
40
105
13
122
86
95
108
62
149
155
8
102
31
46
64
52
41
159
36
58
21
179
81
39
197
79
82
138164
60
89
34
84
78
63
166
18
42
151
153
146
107
28
142
171
178
37
137
73
143
113
30
76
51
91
80
150
115
17
1
38
114
199
6
128
173
165
186
172
96
147
93
156
145
134
94
56
111
10
3
195
152
54
132
97
69
99
61
139
182
183
154
174
175
169
136
92
35
198
103
176
140
118
33
181
77
4
125
130
68
192
194
144
193
19
71
48
16
200
148
135
110
24
53
27
180
123
190
106
26
188
5
88
9
112
90
184
196
66
177
67
15
100
45
191
55
70
167
116
47
170
129
20
83
85
74
12
23
49
131
22
98
185
44
120
65
124
29
59
158
117
11
161
127
109
75
87
50
133
72
43
32
57
2
163
104
157
14
141
126
187
40
105
13
122
86
95
108
62
149
155
8
102
31
46
64
52
41
159
36
58
21
179
81
39
197
79
82
138164
60
89
34
84
78
63
166
18
42
151
153
146
107
28
142
171
178
37
137
73
143
113
30
76
51
91
80
150
115
17
1
38
114
199
6
128
173
165
186
172
96
147
93
156
145
134
94
56
111
10
3
195
152
54
132
97
69
99
61
139
182
183
154
174
175
169
136
92
35
198
103
176
140
118
33
181
77
4
125
130
68
192
194
144
193
19
71
48
16
200
148
135
110
24
53
27
180
123
190
106
26
188
5
88
9
112
90
184
196
66
177
67
15
100
45
191
55
70
167
116
47
170
129
20
83
85
74
12
23
49
131
22
98
185
44
120
65
124
